== extracting audio ==
== silence gaps (>=2s) ==
{
 "silence_gaps_s": [
  [
   49.800000000000004,
   56.1
  ],
  [
   62.400000000000006,
   66.3
  ],
  [
   75.8,
   82.9
  ],
  [
   89.2,
   92.30000000000001
  ],
  [
   94.5,
   102.0
  ],
  [
   102.10000000000001,
   106.0
  ],
  [
   120.9,
   125.0
  ],
  [
   125.10000000000001,
   130.0
  ],
  [
   156.8,
   159.3
  ],
  [
   178.3,
   181.20000000000002
  ],
  [
   195.70000000000002,
   197.70000000000002
  ],
  [
   206.20000000000002,
   211.10000000000002
  ],
  [
   216.60000000000002,
   220.0
  ],
  [
   220.10000000000002,
   222.10000000000002
  ],
  [
   222.3,
   224.4
  ],
  [
   232.9,
   238.0
  ],
  [
   243.70000000000002,
   246.0
  ],
  [
   249.70000000000002,
   254.0
  ],
  [
   267.6,
   273.8
  ],
  [
   317.8,
   320.6
  ]
 ]
}
== talking regions (mouth visibly moving) ==
{
 "talking_regions_s": [
  [
   121.4,
   123.2
  ],
  [
   123.4,
   130.2
  ],
  [
   170.6,
   172.2
  ],
  [
   173.2,
   180.2
  ],
  [
   236.2,
   238.0
  ],
  [
   248.2,
   249.2
  ],
  [
   262.2,
   263.8
  ],
  [
   265.0,
   268.2
  ],
  [
   268.4,
   270.0
  ]
 ]
}
== cross-check: talking but silent ==
{
 "talking_but_silent": [
  {
   "window": [
    121.4,
    123.2
   ],
   "audio_db": -180.0,
   "issue": "mouth moving, no dialogue audio"
  },
  {
   "window": [
    123.4,
    130.2
   ],
   "audio_db": -51.4,
   "issue": "mouth moving, no dialogue audio"
  },
  {
   "window": [
    236.2,
    238.0
   ],
   "audio_db": -89.6,
   "issue": "mouth moving, no dialogue audio"
  },
  {
   "window": [
    268.4,
    270.0
   ],
   "audio_db": -180.0,
   "issue": "mouth moving, no dialogue audio"
  }
 ]
}
== speaker clusters (n=4) ==
{
 "speaker_clusters": [
  [
   0.0,
   48.0,
   3
  ],
  [
   48.0,
   62.0,
   0
  ],
  [
   62.0,
   64.0,
   2
  ],
  [
   66.0,
   74.0,
   0
  ],
  [
   74.0,
   76.0,
   1
  ],
  [
   82.0,
   90.0,
   0
  ],
  [
   92.0,
   94.0,
   3
  ],
  [
   94.0,
   96.0,
   1
  ],
  [
   100.0,
   102.0,
   2
  ],
  [
   102.0,
   104.0,
   1
  ],
  [
   106.0,
   110.0,
   3
  ],
  [
   110.0,
   116.0,
   0
  ],
  [
   116.0,
   120.0,
   3
  ],
  [
   120.0,
   122.0,
   1
  ],
  [
   124.0,
   126.0,
   2
  ],
  [
   130.0,
   132.0,
   0
  ],
  [
   132.0,
   152.0,
   3
  ],
  [
   152.0,
   156.0,
   0
  ],
  [
   156.0,
   162.0,
   1
  ],
  [
   162.0,
   164.0,
   0
  ],
  [
   164.0,
   166.0,
   1
  ],
  [
   166.0,
   172.0,
   3
  ],
  [
   172.0,
   174.0,
   1
  ],
  [
   174.0,
   176.0,
   0
  ],
  [
   176.0,
   178.0,
   3
  ],
  [
   178.0,
   182.0,
   1
  ],
  [
   182.0,
   188.0,
   3
  ],
  [
   188.0,
   190.0,
   0
  ],
  [
   190.0,
   192.0,
   3
  ],
  [
   192.0,
   196.0,
   0
  ],
  [
   196.0,
   198.0,
   1
  ],
  [
   198.0,
   200.0,
   0
  ],
  [
   200.0,
   206.0,
   3
  ],
  [
   206.0,
   208.0,
   2
  ],
  [
   210.0,
   212.0,
   0
  ],
  [
   212.0,
   214.0,
   3
  ],
  [
   214.0,
   216.0,
   0
  ],
  [
   216.0,
   226.0,
   1
  ],
  [
   226.0,
   228.0,
   0
  ],
  [
   228.0,
   230.0,
   1
  ],
  [
   230.0,
   232.0,
   3
  ],
  [
   232.0,
   234.0,
   1
  ],
  [
   238.0,
   242.0,
   3
  ],
  [
   242.0,
   244.0,
   0
  ],
  [
   244.0,
   246.0,
   2
  ],
  [
   246.0,
   248.0,
   3
  ],
  [
   248.0,
   250.0,
   0
  ],
  [
   254.0,
   262.0,
   3
  ],
  [
   262.0,
   264.0,
   0
  ],
  [
   264.0,
   266.0,
   3
  ],
  [
   266.0,
   268.0,
   0
  ],
  [
   272.0,
   276.0,
   1
  ],
  [
   276.0,
   278.0,
   0
  ],
  [
   278.0,
   282.0,
   3
  ],
  [
   282.0,
   284.0,
   0
  ],
  [
   284.0,
   286.0,
   3
  ],
  [
   286.0,
   290.0,
   0
  ],
  [
   290.0,
   292.0,
   1
  ],
  [
   292.0,
   300.0,
   0
  ],
  [
   300.0,
   302.0,
   3
  ],
  [
   302.0,
   304.0,
   0
  ],
  [
   304.0,
   308.0,
   3
  ],
  [
   308.0,
   310.0,
   1
  ],
  [
   310.0,
   312.0,
   2
  ],
  [
   312.0,
   322.0,
   1
  ],
  [
   322.0,
   324.0,
   2
  ],
  [
   324.0,
   326.0,
   1
  ],
  [
   326.0,
   328.0,
   2
  ],
  [
   328.0,
   330.0,
   1
  ],
  [
   330.0,
   334.0,
   3
  ],
  [
   334.0,
   336.0,
   0
  ],
  [
   336.0,
   340.0,
   1
  ],
  [
   340.0,
   344.0,
   0
  ]
 ]
}

Done. Compare speaker cluster IDs against DIALOGUE.md character map.
