== deep audio: clipping / volume / overlaps / music ==
{
 "clipping": [],
 "volume_anomalies": [
  [
   2.0,
   "spike",
   16.5
  ],
  [
   10.0,
   "spike",
   18.7
  ],
  [
   13.0,
   "spike",
   16.3
  ],
  [
   20.0,
   "spike",
   11.0
  ],
  [
   25.0,
   "drop",
   -19.4
  ],
  [
   29.0,
   "spike",
   16.0
  ],
  [
   35.0,
   "spike",
   20.2
  ],
  [
   46.0,
   "spike",
   11.0
  ],
  [
   50.0,
   "drop",
   -26.0
  ],
  [
   67.0,
   "spike",
   29.9
  ],
  [
   70.0,
   "spike",
   21.3
  ],
  [
   73.0,
   "spike",
   23.6
  ],
  [
   83.0,
   "spike",
   17.8
  ],
  [
   87.0,
   "drop",
   -17.2
  ],
  [
   93.0,
   "spike",
   44.5
  ],
  [
   102.0,
   "spike",
   161.3
  ],
  [
   113.0,
   "spike",
   17.0
  ],
  [
   120.0,
   "spike",
   10.3
  ],
  [
   125.0,
   "spike",
   143.8
  ],
  [
   139.0,
   "drop",
   -13.7
  ],
  [
   161.0,
   "drop",
   -22.3
  ],
  [
   163.0,
   "spike",
   12.0
  ],
  [
   185.0,
   "spike",
   17.3
  ],
  [
   190.0,
   "spike",
   13.0
  ],
  [
   194.0,
   "spike",
   11.1
  ],
  [
   212.0,
   "spike",
   15.7
  ],
  [
   216.0,
   "spike",
   31.0
  ],
  [
   220.0,
   "spike",
   34.2
  ],
  [
   226.0,
   "spike",
   19.1
  ],
  [
   228.0,
   "drop",
   -24.0
  ],
  [
   239.0,
   "spike",
   19.6
  ],
  [
   242.0,
   "spike",
   14.7
  ],
  [
   249.0,
   "spike",
   153.2
  ],
  [
   255.0,
   "spike",
   13.4
  ],
  [
   257.0,
   "drop",
   -13.4
  ],
  [
   274.0,
   "spike",
   13.9
  ],
  [
   278.0,
   "spike",
   15.5
  ],
  [
   285.0,
   "drop",
   -13.6
  ],
  [
   289.0,
   "spike",
   10.5
  ],
  [
   292.0,
   "drop",
   -33.8
  ],
  [
   297.0,
   "drop",
   -19.8
  ],
  [
   305.0,
   "drop",
   -14.9
  ],
  [
   313.0,
   "spike",
   24.4
  ],
  [
   316.0,
   "spike",
   34.2
  ],
  [
   321.0,
   "spike",
   38.7
  ],
  [
   325.0,
   "spike",
   22.6
  ],
  [
   336.0,
   "drop",
   -26.1
  ],
  [
   340.0,
   "spike",
   15.6
  ]
 ],
 "overlaps": [
  [
   45.5,
   46.5
  ]
 ]
}
== music vs speech map ==
{
 "segments": [
  [
   0.0,
   3.0,
   "music",
   0.8
  ],
  [
   3.0,
   6.0,
   "music",
   0.9
  ],
  [
   6.0,
   9.0,
   "speech",
   0.8
  ],
  [
   9.0,
   12.0,
   "speech",
   0.8
  ],
  [
   12.0,
   15.0,
   "speech",
   0.8
  ],
  [
   15.0,
   18.0,
   "speech",
   0.8
  ],
  [
   18.0,
   21.0,
   "mixed",
   0.5
  ],
  [
   21.0,
   24.0,
   "mixed",
   0.5
  ],
  [
   24.0,
   27.0,
   "speech",
   0.8
  ],
  [
   27.0,
   30.0,
   "music",
   0.65
  ],
  [
   30.0,
   33.0,
   "speech",
   0.8
  ],
  [
   33.0,
   36.0,
   "music",
   0.87
  ],
  [
   36.0,
   39.0,
   "speech",
   0.8
  ],
  [
   39.0,
   42.0,
   "music",
   0.91
  ],
  [
   42.0,
   45.0,
   "mixed",
   0.5
  ],
  [
   45.0,
   48.0,
   "speech",
   0.8
  ],
  [
   48.0,
   51.0,
   "speech",
   0.8
  ],
  [
   51.0,
   54.0,
   "silence",
   1.0
  ],
  [
   54.0,
   57.0,
   "sfx",
   0.7
  ],
  [
   57.0,
   60.0,
   "sfx",
   0.7
  ],
  [
   60.0,
   63.0,
   "speech",
   0.8
  ],
  [
   63.0,
   66.0,
   "silence",
   1.0
  ],
  [
   66.0,
   69.0,
   "sfx",
   0.7
  ],
  [
   69.0,
   72.0,
   "sfx",
   0.7
  ],
  [
   72.0,
   75.0,
   "speech",
   0.8
  ],
  [
   75.0,
   78.0,
   "sfx",
   0.7
  ],
  [
   78.0,
   81.0,
   "silence",
   1.0
  ],
  [
   81.0,
   84.0,
   "speech",
   0.8
  ],
  [
   84.0,
   87.0,
   "speech",
   0.8
  ],
  [
   87.0,
   90.0,
   "sfx",
   0.7
  ],
  [
   90.0,
   93.0,
   "speech",
   0.8
  ],
  [
   93.0,
   96.0,
   "speech",
   0.8
  ],
  [
   96.0,
   99.0,
   "silence",
   1.0
  ],
  [
   99.0,
   102.0,
   "sfx",
   0.7
  ],
  [
   102.0,
   105.0,
   "sfx",
   0.7
  ],
  [
   105.0,
   108.0,
   "sfx",
   0.7
  ],
  [
   108.0,
   111.0,
   "speech",
   0.8
  ],
  [
   111.0,
   114.0,
   "speech",
   0.8
  ],
  [
   114.0,
   117.0,
   "speech",
   0.8
  ],
  [
   117.0,
   120.0,
   "sfx",
   0.7
  ],
  [
   120.0,
   123.0,
   "sfx",
   0.7
  ],
  [
   123.0,
   126.0,
   "sfx",
   0.7
  ],
  [
   126.0,
   129.0,
   "silence",
   1.0
  ],
  [
   129.0,
   132.0,
   "speech",
   0.8
  ],
  [
   132.0,
   135.0,
   "speech",
   0.8
  ],
  [
   135.0,
   138.0,
   "speech",
   0.8
  ],
  [
   138.0,
   141.0,
   "speech",
   0.8
  ],
  [
   141.0,
   144.0,
   "sfx",
   0.7
  ],
  [
   144.0,
   147.0,
   "speech",
   0.8
  ],
  [
   147.0,
   150.0,
   "speech",
   0.8
  ],
  [
   150.0,
   153.0,
   "speech",
   0.8
  ],
  [
   153.0,
   156.0,
   "sfx",
   0.7
  ],
  [
   156.0,
   159.0,
   "sfx",
   0.7
  ],
  [
   159.0,
   162.0,
   "sfx",
   0.7
  ],
  [
   162.0,
   165.0,
   "speech",
   0.8
  ],
  [
   165.0,
   168.0,
   "speech",
   0.8
  ],
  [
   168.0,
   171.0,
   "sfx",
   0.7
  ],
  [
   171.0,
   174.0,
   "speech",
   0.8
  ],
  [
   174.0,
   177.0,
   "speech",
   0.8
  ],
  [
   177.0,
   180.0,
   "sfx",
   0.7
  ],
  [
   180.0,
   183.0,
   "sfx",
   0.7
  ],
  [
   183.0,
   186.0,
   "sfx",
   0.7
  ],
  [
   186.0,
   189.0,
   "sfx",
   0.7
  ],
  [
   189.0,
   192.0,
   "sfx",
   0.7
  ],
  [
   192.0,
   195.0,
   "sfx",
   0.7
  ],
  [
   195.0,
   198.0,
   "sfx",
   0.7
  ],
  [
   198.0,
   201.0,
   "sfx",
   0.7
  ],
  [
   201.0,
   204.0,
   "speech",
   0.8
  ],
  [
   204.0,
   207.0,
   "speech",
   0.8
  ],
  [
   207.0,
   210.0,
   "silence",
   1.0
  ],
  [
   210.0,
   213.0,
   "sfx",
   0.7
  ],
  [
   213.0,
   216.0,
   "speech",
   0.8
  ],
  [
   216.0,
   219.0,
   "sfx",
   0.7
  ],
  [
   219.0,
   222.0,
   "sfx",
   0.7
  ],
  [
   222.0,
   225.0,
   "sfx",
   0.7
  ],
  [
   225.0,
   228.0,
   "sfx",
   0.7
  ],
  [
   228.0,
   231.0,
   "sfx",
   0.7
  ],
  [
   231.0,
   234.0,
   "speech",
   0.8
  ],
  [
   234.0,
   237.0,
   "silence",
   1.0
  ],
  [
   237.0,
   240.0,
   "sfx",
   0.7
  ],
  [
   240.0,
   243.0,
   "speech",
   0.8
  ],
  [
   243.0,
   246.0,
   "sfx",
   0.7
  ],
  [
   246.0,
   249.0,
   "speech",
   0.8
  ],
  [
   249.0,
   252.0,
   "sfx",
   0.7
  ],
  [
   252.0,
   255.0,
   "sfx",
   0.7
  ],
  [
   255.0,
   258.0,
   "speech",
   0.8
  ],
  [
   258.0,
   261.0,
   "sfx",
   0.7
  ],
  [
   261.0,
   264.0,
   "speech",
   0.8
  ],
  [
   264.0,
   267.0,
   "sfx",
   0.7
  ],
  [
   267.0,
   270.0,
   "sfx",
   0.7
  ],
  [
   270.0,
   273.0,
   "silence",
   1.0
  ],
  [
   273.0,
   276.0,
   "sfx",
   0.7
  ],
  [
   276.0,
   279.0,
   "sfx",
   0.7
  ],
  [
   279.0,
   282.0,
   "sfx",
   0.7
  ],
  [
   282.0,
   285.0,
   "sfx",
   0.7
  ],
  [
   285.0,
   288.0,
   "sfx",
   0.7
  ],
  [
   288.0,
   291.0,
   "sfx",
   0.7
  ],
  [
   291.0,
   294.0,
   "sfx",
   0.7
  ],
  [
   294.0,
   297.0,
   "sfx",
   0.7
  ],
  [
   297.0,
   300.0,
   "speech",
   0.8
  ],
  [
   300.0,
   303.0,
   "music",
   0.8
  ],
  [
   303.0,
   306.0,
   "speech",
   0.8
  ],
  [
   306.0,
   309.0,
   "speech",
   0.8
  ],
  [
   309.0,
   312.0,
   "sfx",
   0.7
  ],
  [
   312.0,
   315.0,
   "sfx",
   0.7
  ],
  [
   315.0,
   318.0,
   "sfx",
   0.7
  ],
  [
   318.0,
   321.0,
   "sfx",
   0.7
  ],
  [
   321.0,
   324.0,
   "sfx",
   0.7
  ],
  [
   324.0,
   327.0,
   "sfx",
   0.7
  ],
  [
   327.0,
   330.0,
   "sfx",
   0.7
  ],
  [
   330.0,
   333.0,
   "sfx",
   0.7
  ],
  [
   333.0,
   336.0,
   "sfx",
   0.7
  ],
  [
   336.0,
   339.0,
   "sfx",
   0.7
  ],
  [
   339.0,
   342.0,
   "sfx",
   0.7
  ]
 ]
}
